8710103710332
6923410734287
8710103804116
4009049358895
4009049358888
4009049351674
4009049378138
4008496867288
2242348969962
4009049403700
4008496762323
4242002957098
4242002773186
3165140776318
3165140430302
6951613991664
9001616662980
8712930080336
4044951013982
4044951013999
4013368730072
5702016199055
5702015357142
9414202531100
5702016619270
8718696743157
4210201153429
8001090603449
8001841063188
8719925780882
8718696671191
8710103842200
8710103863175
8710103787327
5010993414338
9506881419760
0644221043257
8710103873808
8710103874072
8710103881223
5012909010948
8710103910831
8710103911050
8710103873914
4211125791131
4000530658760
8719416020404
5702016616866
5702016396294
3030050153453
8718627520031
0043917001005
8710103558712
0606449140149
5012874026708
4023103144019
8711269849676
6940017313233
0660048170013
5702016367768
5019090124454
5410329685911
4007923603673
3220660299447
8710103845171
4078500825504
3165140526968
0660048063001
0660048001959
4210201178729
0660048170204
5037127004401
0043917000176
3030050075441
0029695520686
8153007429182
7141222527555
4015110006756
4008496867493
4210201073598
4210201131939
4015110010142
8414234022004
8710103825647
3121040061398
4078500725002
8711904229252
4078500732208
4078500714006
4052025253776
4078500579704
4078500132800
4027521910270
8001841275956
4078500175005
4078500097659
5010646059299
4078500010795
4078500281904
4078500207300
4046436017751
4078500733304
4078500156691
4078500018340
4078500813709
4078500034852
8003299323647
5010646059268
4078500268103
4078500710008
4078500277303
0000040785424
5906083780400
9002683010308
4009049457529
4078500012744
4009049306292
4078500139182
6941057409115
4078500733205
4052025948436
4009049351353
4054278047539
4006325631314
5055320016038
4078500207508
5010646045322
4078500004527
4078500178501
4006825597882
4008789055675
5012909007887
8710103563167
5012909002240
8710103845331
8710103563150
3253560621469
4000798118877
8716716059721
8710103561484
0731855033409
8710103803812
8710103556862
8710103781929
8710103661146
5702015357197
8710103563051
8710103870081
5012909010917
8710103852650
8710103488989
8710103537298
8710103745020
8712013028002
8710103578529
8710103543305
8710103654193
4006825603477
5016978356891
4001845526751
8710847917530
8710103850359
4044951013975
